0	file:/vast/home/akim/corn/analysis/data/nonde_data/order_res/../order/N00001.txt	0.13852104290364464	0.027218288090041703	0.028129049267574063	0.23521223597490323	0.1748022087861057	0.01444608870422469	1.2748428577044072E-6	0.3600670257435815	2.889534350591392E-6	0.0215998961527162
1	file:/vast/home/akim/corn/analysis/data/nonde_data/order_res/../order/N00002.txt	0.004630798489836513	0.004390451005165468	0.09185990950527398	0.01044671838112189	2.0438193694877996E-4	0.32583338167944303	1.2740926138924155E-6	0.43049496188648584	2.8878338623681048E-6	0.1321352351892482
2	file:/vast/home/akim/corn/analysis/data/nonde_data/order_res/../order/N00003.txt	2.560951202508337E-6	0.00816776420370882	0.21562177982097638	0.005853087501746255	0.241053344982642	0.3909781969780049	0.11055830691881685	2.8720989408011313E-6	0.027602844643123528	1.5924190083800325E-4
3	file:/vast/home/akim/corn/analysis/data/nonde_data/order_res/../order/N00004.txt	2.283043989356404E-6	0.01824513951727772	0.27211912886986817	0.003940430646370732	0.16580755765311803	0.32694665687827335	0.007972344467505667	0.005200045297377353	0.19956320238634714	2.032112398724918E-4
4	file:/vast/home/akim/corn/analysis/data/nonde_data/order_res/../order/N00005.txt	0.024997241509749035	0.029368036080973638	0.2718766681246158	0.05489663439032465	0.06666369380919572	0.037762437596830505	0.04030645531658412	0.3782314996707361	0.07270614610494694	0.023191187396043464
5	file:/vast/home/akim/corn/analysis/data/nonde_data/order_res/../order/N00006.txt	0.11048777754128551	0.04743873166893954	0.05517849298483206	0.07310790107748522	0.17883923135786242	0.16864581038977805	0.031047810135753667	0.28820190105605303	0.0377537297496465	0.009298614038364024
6	file:/vast/home/akim/corn/analysis/data/nonde_data/order_res/../order/N00007.txt	0.09265254852714766	0.02674202602335359	0.18980481919769332	0.06321048974049523	0.0455293315115377	0.20890939467938843	0.0060554719115167	0.27081596051880275	0.09625901549208452	2.0942397980095748E-5
7	file:/vast/home/akim/corn/analysis/data/nonde_data/order_res/../order/N00008.txt	0.14879254692392485	0.011545513762362727	0.045772709505319115	0.12394864730074967	0.15261631383318905	0.03355408062304013	1.2678831447143959E-6	0.45269560440445517	0.006345554383461243	0.024727761380353357
8	file:/vast/home/akim/corn/analysis/data/nonde_data/order_res/../order/N00009.txt	0.025433020362486465	0.11168935050402573	0.1788761867825621	0.10060616002299598	0.08734249403176268	0.08565372591498245	0.03131663946269968	0.27930422559673473	0.06598124954197002	0.0337969477797802
9	file:/vast/home/akim/corn/analysis/data/nonde_data/order_res/../order/N00010.txt	7.41189693228116E-5	0.6868218880272571	0.058556973463873764	0.04880754927653909	1.521309037746986E-5	2.2907599272604362E-4	0.09248515654765219	0.01531488318893524	1.3163330046123423E-5	0.09768197811327022
10	file:/vast/home/akim/corn/analysis/data/nonde_data/order_res/../order/N00011.txt	2.5748255949551764E-6	0.006948877933316778	0.4300034474502815	0.0070393833455021275	0.13546636363392273	0.41048425228058705	0.00999780199035612	2.8876590294946594E-6	4.233007284318622E-5	1.2080808566011071E-5
11	file:/vast/home/akim/corn/analysis/data/nonde_data/order_res/../order/N00012.txt	0.0030111919965182766	1.5405540708329698E-6	0.5270217507886212	1.6198908902281584E-4	4.5815351373360425E-6	0.21190636445719846	0.12657442735499722	0.027847724402348114	0.0966939664077698	0.006776463414315857
12	file:/vast/home/akim/corn/analysis/data/nonde_data/order_res/../order/N00013.txt	8.879382286448978E-4	0.7280119638941558	0.006947647525477221	0.014676158930765522	2.535693132009248E-4	0.1044250848354351	1.2706578911633547E-6	0.11841003382436661	0.0034348263992533727	0.022951506390809465
13	file:/vast/home/akim/corn/analysis/data/nonde_data/order_res/../order/N00014.txt	0.46600668656237815	1.6331362092311702E-6	0.19577639664866983	3.330643137599605E-6	0.06887777686879415	0.17371706741723902	1.2652708701000015E-6	0.07579976089421533	0.0098687427586657	0.009947339799820822
14	file:/vast/home/akim/corn/analysis/data/nonde_data/order_res/../order/N00015.txt	2.592297727260732E-6	0.2404736476022138	0.11413994934153462	0.0693114194140596	0.12682792557054495	0.32371364483389076	1.2049167981009761E-4	0.10978706300108122	1.2811661147554454E-5	0.01561045459799008
15	file:/vast/home/akim/corn/analysis/data/nonde_data/order_res/../order/N00016.txt	0.19426563699678365	0.07537392170372087	0.17192226980795192	0.151249930000531	1.4670092216171523E-5	0.12902415540001666	1.1100942951618813E-5	0.26223587500420825	0.015900233029208656	2.2070224112328806E-6
16	file:/vast/home/akim/corn/analysis/data/nonde_data/order_res/../order/N00017.txt	0.06478755932229346	0.21368685453479963	0.341611035492892	0.04368521913206379	0.012070437048529385	0.07479455143698156	0.0035759026908945644	0.15195060122745013	0.05836682906574702	0.035471010048348385
17	file:/vast/home/akim/corn/analysis/data/nonde_data/order_res/../order/N00018.txt	0.45090114244510404	0.052286602624120285	0.005709221789097395	0.037971231967000585	1.8282259982678134E-4	4.360201196821407E-6	0.10795272463842946	0.28048092160185994	2.8626212210619534E-6	0.0645081095121436
18	file:/vast/home/akim/corn/analysis/data/nonde_data/order_res/../order/N00020.txt	0.0700191943503665	0.01015947048333266	0.12872255609655844	0.002287833458782969	0.27806135172293134	0.4287716525740823	0.010061057571547162	2.2478870553004505E-5	0.02643679064987593	0.04545761422196967
19	file:/vast/home/akim/corn/analysis/data/nonde_data/order_res/../order/N00021.txt	2.60316017174275E-6	0.040757073166794854	0.32238610824244845	0.010020111055690154	0.15294998740689905	0.4657536426416986	1.2743849767744235E-6	0.004662107930790261	2.888496526464542E-6	0.0034642035140036243
20	file:/vast/home/akim/corn/analysis/data/nonde_data/order_res/../order/N00023.txt	0.005719520206813154	0.004571225948124337	0.13851629562277265	0.006135682954576197	0.21542862430999357	0.5212843981029032	0.0908392774514337	7.213057650051001E-5	0.014047939825649667	0.0033849050012331014
21	file:/vast/home/akim/corn/analysis/data/nonde_data/order_res/../order/N00024.txt	0.06908572672568468	0.07952918421362402	0.08078967601237964	0.025534020291599284	0.20998488886871736	0.39100106901332043	0.10505956330857945	0.003328286326308087	0.03013650960702021	0.00555107563276685
22	file:/vast/home/akim/corn/analysis/data/nonde_data/order_res/../order/N00025.txt	2.5817554529287583E-6	0.012241515656738703	0.0787866562580205	0.4123993635117217	0.003982566653035004	0.10885720659413718	0.0035831863880879497	0.3801121554875061	3.2549186061164735E-5	2.2185092387450064E-6
23	file:/vast/home/akim/corn/analysis/data/nonde_data/order_res/../order/N00026.txt	1.2521917083172025E-5	0.042684120352693374	0.2260584617729162	0.020192610441300142	3.466159924622229E-5	0.1273368124390418	1.2685001069388602E-6	0.2185892564382083	0.007172896740340764	0.3579173897990631
24	file:/vast/home/akim/corn/analysis/data/nonde_data/order_res/../order/N00027.txt	0.028711915235072712	0.019387161688050058	0.10508884640347485	0.067513617447904	1.145811799450636E-4	0.012738608350496096	1.2737622782112017E-6	0.6708475296054518	0.0036127416983874464	0.09198372462893974
25	file:/vast/home/akim/corn/analysis/data/nonde_data/order_res/../order/N00031.txt	0.05122162276134698	1.6400405111209706E-6	0.23388682427466315	0.2932220799117887	0.13253373749432612	4.38661508026202E-6	1.1217993693511369E-5	0.28146385026020443	8.185646079999257E-4	0.006836076040385734
26	file:/vast/home/akim/corn/analysis/data/nonde_data/order_res/../order/N00032.txt	0.052116632008288	0.05408020308564179	0.15341433938516755	0.022619970775172128	0.11129140146461407	0.37216722612039727	0.051483512013373776	0.12414273661614891	0.01833508059328183	0.04034889793791467
27	file:/vast/home/akim/corn/analysis/data/nonde_data/order_res/../order/N00033.txt	0.09591604205489687	0.008962848676118107	0.1814523541001673	0.06510095422866276	0.17673455102267946	0.3742310450334054	1.2401494830031313E-6	0.042546923979378995	0.05505186394571336	2.1768094947874463E-6
28	file:/vast/home/akim/corn/analysis/data/nonde_data/order_res/../order/N00034.txt	1.2877049188876274E-4	0.35421241041549073	0.12207507995135329	0.07186114785370332	0.159043734782052	0.23913566339244127	1.2403662480424514E-6	2.8415040630931476E-6	0.04826411914153308	0.005274992101226371
29	file:/vast/home/akim/corn/analysis/data/nonde_data/order_res/../order/N00035.txt	0.03764710896068237	1.6419351324380692E-6	0.027988589395896966	0.4300171894795236	4.8830376323137425E-6	1.4350547832174547E-5	0.002600535907572603	0.20270565665294668	0.0012577003062820545	0.2977623437764988
30	file:/vast/home/akim/corn/analysis/data/nonde_data/order_res/../order/N00036.txt	0.0771151956887182	1.1438472597491041E-5	0.15100858667373238	3.3017316588207427E-6	0.09176816130542446	0.204947380716288	1.2542877505044353E-6	0.30510495387342634	0.021321005112345998	0.14871872213805779
31	file:/vast/home/akim/corn/analysis/data/nonde_data/order_res/../order/N00037.txt	0.005656861173013917	0.006997942974259042	0.11925728437029308	0.11330613999309667	0.19116511257353283	1.4219417653917524E-5	1.260463944244772E-6	0.347075423297274	0.019689246936150824	0.19683650880078152
32	file:/vast/home/akim/corn/analysis/data/nonde_data/order_res/../order/N00038.txt	0.14224129420234782	0.007982652220727174	0.1985703674810058	0.0064272935952069	0.18407788787296203	2.39037683326842E-5	1.2508608370477706E-6	0.3829164060669538	0.029341717265079614	0.04841722666654711
33	file:/vast/home/akim/corn/analysis/data/nonde_data/order_res/../order/N00040.txt	0.009958472369856364	0.0069629014002501564	0.34740059525978095	3.3013750619813003E-6	0.2116513699791133	0.28370850630407174	0.07671282125093484	0.05788264885023492	0.004607696722897462	0.0011116864877983
34	file:/vast/home/akim/corn/analysis/data/nonde_data/order_res/../order/N00041.txt	0.033254449569250846	0.01669296630653533	0.057349154196350664	3.1424169508024126E-6	0.19076907095904114	0.4298503826634401	0.01133753144153465	0.16217871800020578	0.09838492069713774	1.7966374955297038E-4
35	file:/vast/home/akim/corn/analysis/data/nonde_data/order_res/../order/N00042.txt	2.579534863505918E-6	0.06698133194361415	0.06950485691844914	3.3241892992221366E-6	0.004394365934913884	0.11786886254881955	0.5960168041893839	0.10315657712871218	0.01316153140702563	0.028909766204918842
36	file:/vast/home/akim/corn/analysis/data/nonde_data/order_res/../order/N00043.txt	2.2346396607315297E-5	0.02495812939444725	0.17115137486877527	0.20700884122958263	0.17078637522857557	3.400985052009861E-5	0.012118755091003873	0.40208422687366285	0.008334873176373226	0.0035010678904519527
37	file:/vast/home/akim/corn/analysis/data/nonde_data/order_res/../order/N00044.txt	0.02038695363578884	1.6434244969553987E-6	0.2046252061532596	0.15153534743545802	0.12496246538279963	0.045238719899010654	0.011165319768975354	0.4278849357718454	2.885905224799028E-6	0.014196522623140728
38	file:/vast/home/akim/corn/analysis/data/nonde_data/order_res/../order/N00045.txt	0.04298480088455417	0.0410939785467991	0.03569403715572018	0.16084033729217956	0.23085617651112011	0.23159778465160907	0.004255949481469091	0.24664603015822598	0.001981788223912308	0.0040491170944104106
39	file:/vast/home/akim/corn/analysis/data/nonde_data/order_res/../order/N00046.txt	0.2156607520817581	0.0032257444740774834	0.05582588732180776	0.03986324186606478	0.21045485191109617	0.07177799878333774	0.011558457500276797	0.3719162639498195	0.0087129263091218	0.01100387580263985
40	file:/vast/home/akim/corn/analysis/data/nonde_data/order_res/../order/N00047.txt	0.03918470802307798	0.02609983230680399	0.03308709007085914	0.05692586009174829	0.17592639230623494	0.23643032564416205	1.2709233884345951E-6	0.43087679603997553	0.0014654937674363736	2.2308263132863598E-6
41	file:/vast/home/akim/corn/analysis/data/nonde_data/order_res/../order/N00048.txt	0.030134056683654077	0.0252490723927674	0.18610554288912856	0.15656133333386818	0.0806212339102112	7.619179926820453E-4	1.2731782575849433E-6	0.49662871707637024	0.002773823493712711	0.02116302904934801
42	file:/vast/home/akim/corn/analysis/data/nonde_data/order_res/../order/N00049.txt	0.01884425671794773	0.1645777877757943	0.08435558024243436	0.07979139780935827	0.0656093434737406	0.1075047999462613	0.012239831120274098	0.3417543600946174	0.06658463049729237	0.058738012322279584
43	file:/vast/home/akim/corn/analysis/data/nonde_data/order_res/../order/N00051.txt	0.01985593467321476	0.576735815860345	0.03767816003042563	0.0010986076029951073	0.10973116216644269	0.1967716738337847	0.013430894126540912	0.02405979190624514	0.016599950073944856	0.004038009726061181
44	file:/vast/home/akim/corn/analysis/data/nonde_data/order_res/../order/N00052.txt	0.048603859246909395	0.02014519097528831	0.5408390601863595	7.244022100414148E-5	4.8415713933711786E-6	0.28088856645892707	0.0073378629013677275	0.08774587995116771	0.0099857716366886	0.004376526850894086
45	file:/vast/home/akim/corn/analysis/data/nonde_data/order_res/../order/N00053.txt	0.020603583432869835	1.1526188300999784E-5	0.19364565120108268	0.003446722143978778	0.18327658701556834	0.5804143328864799	0.011657354192493422	5.236949827297178E-5	0.004495110068152915	0.0023967633728001723
46	file:/vast/home/akim/corn/analysis/data/nonde_data/order_res/../order/N00054.txt	0.02180530086148493	0.02662688451328973	0.4070279244475663	0.015736815428788374	0.13119832380699814	0.23943859497251033	0.02880100491574329	0.06877436037657376	0.05627832262471297	0.004312468052332107
47	file:/vast/home/akim/corn/analysis/data/nonde_data/order_res/../order/N00055.txt	2.550287878185281E-6	0.05614468023666485	0.10593700094179823	0.405926274837042	0.12286662643494409	0.2693522464350477	1.2485011847094365E-6	2.860140055187196E-6	0.039764320716315894	2.1914690691541537E-6
48	file:/vast/home/akim/corn/analysis/data/nonde_data/order_res/../order/N00058.txt	0.0579848060406066	0.01666205438692808	0.15698571004913311	0.07541265505842899	0.1250514502737843	0.1784134994150033	0.003372658945784607	0.3397872639897862	0.023425744754046546	0.022904157086498216
49	file:/vast/home/akim/corn/analysis/data/nonde_data/order_res/../order/N00059.txt	2.5800194937345044E-6	0.2768404531803376	0.11900815726632556	0.1067163503795437	0.11115765789364239	8.346578510689653E-5	1.1151216651185328E-5	0.2519235525219299	0.0021683699171109604	0.13208826181985805
50	file:/vast/home/akim/corn/analysis/data/nonde_data/order_res/../order/N00060.txt	0.014643409473413386	0.08108400528965083	0.026778208386178178	0.02188065409245345	0.3273651911976128	0.30157788195881474	0.09568498243302258	0.06828070740461646	1.2730712411890461E-5	0.06269222905182566
51	file:/vast/home/akim/corn/analysis/data/nonde_data/order_res/../order/N00061.txt	0.021398329778760536	0.06671765435352929	0.11122056915321411	0.25400626574925833	0.33761519697162407	0.09077331673125455	1.2617588342471444E-6	0.09933607898443726	0.015689127111358194	0.0032421994077294057
52	file:/vast/home/akim/corn/analysis/data/nonde_data/order_res/../order/N00062.txt	0.01590040407037294	0.36717673197139444	0.08747174525603352	0.32668615431430237	2.1141684382948076E-4	0.1914473530618189	1.2566198961755373E-6	1.271650942130403E-5	0.0110900156332504	2.205719680428894E-6
53	file:/vast/home/akim/corn/analysis/data/nonde_data/order_res/../order/N00063.txt	0.019268436259037576	0.19623808373986762	0.07384824607381993	0.014335618078466663	0.19393899527394462	0.5023613107359884	1.273102120461864E-6	2.916497327893333E-6	2.8855888289709946E-6	2.2346505978815294E-6
54	file:/vast/home/akim/corn/analysis/data/nonde_data/order_res/../order/N00064.txt	2.0238850221167387E-4	0.014965329479864824	0.050049617826253716	3.3587564154367716E-6	0.3082587563962797	0.2868915632868072	0.1221680567870369	0.20429015400294007	2.8920455071364697E-6	0.013167882916683315
55	file:/vast/home/akim/corn/analysis/data/nonde_data/order_res/../order/N00101.txt	0.01620290790491366	1.1570380188012934E-5	0.13581466634111602	0.2844177208789218	0.02132055305005039	4.380166549524716E-6	1.2687521008431731E-6	0.06472470953074762	0.00504871304090448	0.4724535099545077
56	file:/vast/home/akim/corn/analysis/data/nonde_data/order_res/../order/N00102.txt	0.0313024644828537	1.477807916114674E-6	0.19046663914874265	0.0810947199703338	0.0518665162452752	4.876959568920792E-5	1.1449304089236623E-6	0.21950685530825523	0.17451961927160095	0.25119179323892415
57	file:/vast/home/akim/corn/analysis/data/nonde_data/order_res/../order/N00103.txt	0.22609385245978797	2.2339087589843697E-4	0.046697580250049525	0.13370554540183485	0.17297738065165244	2.2594336500362885E-4	0.2409114697789842	0.04535596212578472	0.13335382449674268	4.5505059426154105E-4
58	file:/vast/home/akim/corn/analysis/data/nonde_data/order_res/../order/N00104.txt	0.02835316062674544	0.025426861078206516	0.18069218500655404	0.07675332030787287	0.3454657812515794	0.05984574935788302	3.500484690697429E-4	0.07237818910698253	0.2066084544101987	0.004126250384907705
59	file:/vast/home/akim/corn/analysis/data/nonde_data/order_res/../order/N00105.txt	0.01264235858703913	0.012650371202808923	0.11897615545670522	0.15803900882846056	0.0061204973873655736	3.908860887110051E-6	1.1322344496153276E-6	0.21457313274859596	0.27568143324724476	0.20131200144644315
60	file:/vast/home/akim/corn/analysis/data/nonde_data/order_res/../order/N00106.txt	1.4099665038457915E-4	0.001590642642087252	0.384395224225322	0.03532405653383872	0.11153853692445125	0.12953578198478335	0.13284971262108602	0.021169404143672445	0.16998301431212	0.013472629962254304
61	file:/vast/home/akim/corn/analysis/data/nonde_data/order_res/../order/N00107.txt	1.8005285104009645E-6	0.01688022523149361	0.06317871118804357	0.03559607882123558	0.11787406778565299	0.19177321548844828	3.45915949361005E-4	2.9622046829748052E-5	0.5677493589738094	0.006571003986615365
62	file:/vast/home/akim/corn/analysis/data/nonde_data/order_res/../order/N00108.txt	0.07120719369945361	0.006094514286931963	0.005421108544132006	0.270079379721921	0.16428778290183488	0.038109429231413645	3.063821460329766E-5	5.184470572465308E-5	0.013462070094886513	0.43125603859909845
63	file:/vast/home/akim/corn/analysis/data/nonde_data/order_res/../order/N00109.txt	0.0731891478820628	0.005459549035037437	0.07027178472541847	0.2574083619793164	0.17289116590410494	0.11381897703824238	1.1542730172309903E-6	0.10344370934091902	0.15584647124554488	0.04766967857633644
64	file:/vast/home/akim/corn/analysis/data/nonde_data/order_res/../order/N00110.txt	0.23482047040615012	1.1455908771028056E-5	0.11974876742149465	0.1391415448744075	0.11458636093960023	0.07600520650291999	0.1617981386835996	0.03609542328541515	0.027490221855266353	0.09030241012237535
65	file:/vast/home/akim/corn/analysis/data/nonde_data/order_res/../order/N00111.txt	0.016152085660213863	1.5801837828718825E-6	2.436291055311868E-4	1.2806974537131671E-5	0.5291935312345436	0.3713296677463579	1.224246023430866E-6	4.8202074457240134E-4	0.0702079437091026	0.012375510395335024
66	file:/vast/home/akim/corn/analysis/data/nonde_data/order_res/../order/N00112.txt	0.08430949929149745	1.903996062620728E-4	0.009094531019740868	0.009302334734566538	0.2777825194257316	0.15533533706180022	0.46031141826443334	2.907138440222529E-6	0.0036688259778069037	2.227479720771837E-6
67	file:/vast/home/akim/corn/analysis/data/nonde_data/order_res/../order/N00113.txt	0.023009261765016255	0.009920321681546024	0.06602123075095655	2.2852567523688686E-5	0.6310264077049895	0.26323158944166913	7.950357994298135E-5	0.0028297922173230825	0.0013233701887947484	0.0025356701022379905
68	file:/vast/home/akim/corn/analysis/data/nonde_data/order_res/../order/N00114.txt	2.5861568537593858E-6	0.006146877154916132	0.004286005096030297	0.001400879921052022	0.19277716810600581	0.1980100473102664	0.5715980701006212	0.02577327423343144	2.869629448876904E-6	2.2222913740340365E-6
69	file:/vast/home/akim/corn/analysis/data/nonde_data/order_res/../order/N00115.txt	0.007522434181791162	0.3553421754971907	0.08108497437273592	1.2513731865409205E-5	0.01793831805227702	0.359708790708149	1.0561084441807858E-5	0.03161854185327639	0.09912049657217442	0.04764119394609815
70	file:/vast/home/akim/corn/analysis/data/nonde_data/order_res/../order/N00116.txt	0.020159449698001524	0.001761919933688551	0.09258617848572151	0.013948050534276661	0.0845959035913031	0.09591362493213389	0.384413626805815	2.6970168731854946E-6	0.21310327851250532	0.09351527048968122
71	file:/vast/home/akim/corn/analysis/data/nonde_data/order_res/../order/N00117.txt	0.09327563022283437	1.487246089268996E-6	0.1328234870481602	0.003530098019262518	0.3329016181818375	0.13486234201499467	9.032148786056101E-4	0.04291375921885442	0.2286754898719911	0.03011287329737035
72	file:/vast/home/akim/corn/analysis/data/nonde_data/order_res/../order/N00118.txt	0.06596271382923659	0.017733488080466736	4.15136630637533E-6	0.4132288106750595	0.009029100213313535	5.782740629540141E-4	9.031901498333387E-5	0.2697210591056818	0.008967743232023796	0.2146843404199743
73	file:/vast/home/akim/corn/analysis/data/nonde_data/order_res/../order/N00119.txt	0.017750565980097634	0.004118750211943835	0.23245066254584582	0.11685181813521618	0.2359336178216233	0.33873719469267305	0.007177407504647258	0.014528324166961346	0.026562342094989488	0.005889316846002088
74	file:/vast/home/akim/corn/analysis/data/nonde_data/order_res/../order/N00120.txt	0.061306000826595645	0.0321795444967218	0.022715589140528267	0.3788627612950162	0.08214841210801364	0.04490973311976924	1.160428438280642E-6	0.20995033169442695	0.10573958259478433	0.062186884295705604
75	file:/vast/home/akim/corn/analysis/data/nonde_data/order_res/../order/N00121.txt	0.016624197056419147	0.0022610615995322324	0.035045119068890386	9.171607246436087E-5	0.21608605700416106	0.6834953473506636	0.003154649895029142	0.018166823202547637	0.013805087397196556	0.011269941353095857
76	file:/vast/home/akim/corn/analysis/data/nonde_data/order_res/../order/N00122.txt	0.32041025567919224	1.5875634076083056E-6	0.06603066325596102	0.20558416387889217	0.04357632278851258	0.07332971477183185	0.14194354531628134	1.0873758768991549E-4	0.06348733330502566	0.08552767585320559
77	file:/vast/home/akim/corn/analysis/data/nonde_data/order_res/../order/N00123.txt	0.022044780771813967	1.6429168276723262E-6	9.508385077821565E-4	0.23158575594202555	0.5063671892260462	0.23903051983253917	1.1237667903212198E-5	2.9159160805040073E-6	2.885013741533929E-6	2.234205240084129E-6
78	file:/vast/home/akim/corn/analysis/data/nonde_data/order_res/../order/N00124.txt	0.0602954181416817	0.0030350446532436725	0.03309505352644817	0.3431349932554926	0.1459743835875376	0.09152062806743594	0.12870898651972068	0.07745873746027779	0.021049033964424497	0.09572772082373734
79	file:/vast/home/akim/corn/analysis/data/nonde_data/order_res/../order/N00125.txt	0.2624609884947724	1.5263489810096767E-6	0.19943536827939343	0.09649714128473828	0.054940312548495775	0.08431484879782411	1.182537557101581E-6	0.13513878625219822	0.11189242679548347	0.05531741866055619
80	file:/vast/home/akim/corn/analysis/data/nonde_data/order_res/../order/N00126.txt	0.030595955189615175	1.0130107867810647E-5	0.06696538334792498	0.003681471323951537	0.15944276363238072	0.352709554818198	0.01066281042396585	0.06912096924948549	0.30373920789937475	0.003071754007235645
81	file:/vast/home/akim/corn/analysis/data/nonde_data/order_res/../order/N00127.txt	0.4976774733327435	1.5676530216692805E-6	0.03036405582767381	0.24914020539548626	3.3187087015847286E-5	0.02210152935970576	1.2145378269924956E-6	2.214737015184763E-4	0.07433880089360302	0.12612049221140467
82	file:/vast/home/akim/corn/analysis/data/nonde_data/order_res/../order/N00128.txt	0.19686846462663707	1.1574979043220726E-5	1.4105555241259911E-5	0.006402575009415924	0.5281801476197585	0.2593720878152494	1.2692563891302948E-6	8.240127580902662E-5	0.009065145962193606	2.227900262868133E-6
83	file:/vast/home/akim/corn/analysis/data/nonde_data/order_res/../order/N00129.txt	0.00882441777394755	0.03571476165145834	0.13402631587750807	0.09427899749788339	0.030877625821259736	0.22647706435622408	0.016677509327396072	0.040377433534883996	0.40311511822615553	0.009630755933283166
84	file:/vast/home/akim/corn/analysis/data/nonde_data/order_res/../order/N00130.txt	0.028250916348629706	1.4173484663582966E-6	0.030874265770533434	0.004077714404627872	0.525278237098885	0.16143214986564072	0.0031560777311426423	0.006553181745034159	0.2217279246502405	0.01864811503679954
85	file:/vast/home/akim/corn/analysis/data/nonde_data/order_res/../order/N00131.txt	0.024359331705225744	9.951911509576817E-6	0.037833556297869476	0.0025231620966223505	0.35211852869977933	0.29802158894818276	0.0012911377495065492	0.008998651845056677	0.23690113963641155	0.03794295110983596
86	file:/vast/home/akim/corn/analysis/data/nonde_data/order_res/../order/N00132.txt	2.5609009316169077E-6	0.014321537788644917	3.3562411411493524E-5	0.010171522723664292	0.2998888585001548	0.0996057977003011	0.5566819935125387	0.01117221302620523	0.008100123073996397	2.1830362151551758E-5
87	file:/vast/home/akim/corn/analysis/data/nonde_data/order_res/../order/N00133.txt	0.05415912904118675	0.2187206465937868	1.6056810534586076E-4	0.042112031842831	0.20746810136476593	0.22426808838377035	0.001947287209588409	0.19826404825082894	0.04644370997961297	0.006456389228283004
88	file:/vast/home/akim/corn/analysis/data/nonde_data/order_res/../order/N00134.txt	1.8085472896782748E-5	1.3188360220701557E-6	0.007018623757632402	0.42567026030373006	0.03193658916163903	2.7524984927705196E-5	3.129892052512508E-4	1.0339889273741408E-5	0.3341834355292567	0.20082083285937022
89	file:/vast/home/akim/corn/analysis/data/nonde_data/order_res/../order/N00135.txt	0.008252083056173384	0.02005784664270401	0.01644649513654818	0.0022357423095654746	0.21474665645413973	0.16709783953890844	0.038936646628973136	0.1627442914299342	0.3694480980390176	3.430076403575538E-5
90	file:/vast/home/akim/corn/analysis/data/nonde_data/order_res/../order/N00136.txt	0.12151890992866948	0.0015732433570942454	0.01615190308286666	3.2223114233215986E-6	0.15032854736916634	0.26078534073574305	0.16308046225651948	0.0891180323135552	0.08388551367005896	0.11355482497490321
91	file:/vast/home/akim/corn/analysis/data/nonde_data/order_res/../order/N00137.txt	0.01193284615511338	1.0739901580184368E-5	0.25258991793589425	0.020849101646448622	0.26417065806055506	0.26780281025184094	0.0016607443733480706	0.003100555728765981	0.17788055877817052	2.0671682829252753E-6
92	file:/vast/home/akim/corn/analysis/data/nonde_data/order_res/../order/N00138.txt	0.0323665288383578	0.005488982841590442	1.3930571812479885E-4	0.2816667279888011	0.12710351030416706	0.0057524945617012475	0.041301572742617906	0.08037183698771463	0.042317530022037524	0.38349150999488746
93	file:/vast/home/akim/corn/analysis/data/nonde_data/order_res/../order/N00139.txt	0.18010280562885728	0.013819127743962588	0.083409615904357	0.06593866227402168	0.1083649693407739	0.10718472467312815	0.00378593661674785	0.1963557403324193	0.07282813066035586	0.16821028682537645
94	file:/vast/home/akim/corn/analysis/data/nonde_data/order_res/../order/N00140.txt	4.153732044348196E-4	0.00308785680147812	0.003591627575173672	0.013036264568100956	0.1768048791795146	0.028409502939309224	0.7608862809957341	1.2704885560653606E-5	0.013753306147209628	2.2037034842110667E-6
95	file:/vast/home/akim/corn/analysis/data/nonde_data/order_res/../order/N00141.txt	0.07320755485419657	0.07080066098019341	0.036593182754422374	0.21098321303292084	0.05430235592555166	0.1596345726881278	6.66063283037943E-4	0.17098109796017288	0.2228293368501638	1.9616712127131615E-6
96	file:/vast/home/akim/corn/analysis/data/nonde_data/order_res/../order/N00142.txt	0.008610726903171077	1.5393314779006901E-6	0.016333527294095918	0.006351987223856002	5.1260604259010044E-5	4.117248707390694E-6	0.8140355302694958	0.03027179802646967	0.11055668522676176	0.01378282787170539
97	file:/vast/home/akim/corn/analysis/data/nonde_data/order_res/../order/N00143.txt	0.033142599758583774	0.013650794621122404	0.055190714662461775	0.07264000627739502	0.43176279542040924	0.20615650118988174	0.012171309997465773	0.06539369915473493	0.10418824953402873	0.005703329383916619
98	file:/vast/home/akim/corn/analysis/data/nonde_data/order_res/../order/N00144.txt	0.0494545494865841	1.5989878233965497E-6	0.03410355872210023	0.03748748405970839	0.5438508852688595	0.06313100589119854	0.13335390817163773	0.06055949740118309	0.05735900326055111	0.02069850875035387
99	file:/vast/home/akim/corn/analysis/data/nonde_data/order_res/../order/N00145.txt	0.01247029378009641	1.1337497465816736E-5	0.1024907754946601	0.2234982310171857	0.03583131673519596	0.021182928487317516	1.2432153044514163E-6	0.18537431422858602	0.05951906880873304	0.35962049073545505
100	file:/vast/home/akim/corn/analysis/data/nonde_data/order_res/../order/N00146.txt	1.2284156184264631E-5	0.03975959126023867	0.04514951796552747	4.2244606899586295E-5	0.22966778573842328	0.49184983227519413	1.2444143600291302E-6	0.04887955035321283	0.05378959719642046	0.09084835203353933
101	file:/vast/home/akim/corn/analysis/data/nonde_data/order_res/../order/N00147.txt	0.034332285065317936	8.952281038658703E-5	0.2182606833533028	0.006713954173230316	0.2643839702721057	0.21681651151509002	0.0359251930695036	4.957734623328916E-4	0.21970389891292397	0.003278207365806169
102	file:/vast/home/akim/corn/analysis/data/nonde_data/order_res/../order/N00148.txt	0.01153078329642269	1.6189757507755978E-6	0.008174034560639865	0.20942610649099397	0.07872862145773768	0.01943733681674484	3.743994484528615E-4	0.12099027798396926	0.013799393853560165	0.5375374271157279
103	file:/vast/home/akim/corn/analysis/data/nonde_data/order_res/../order/N00149.txt	0.06189042489021632	3.065695035438468E-5	0.04581215082065788	0.21450405548748008	0.20748273915602433	0.34397660510699707	0.0023163425721269585	0.06796425078016191	0.04398980436912738	0.012032969866853696
104	file:/vast/home/akim/corn/analysis/data/nonde_data/order_res/../order/N00150.txt	0.5693697944221098	1.1464026248961515E-5	0.0323234494634852	0.12483225614810224	0.016686082580295386	0.023308892615846493	1.257089840708953E-6	0.03845342349935742	0.023336926355988274	0.1716764537987256
105	file:/vast/home/akim/corn/analysis/data/nonde_data/order_res/../order/N00151.txt	0.004641087857272873	0.021244264622419427	0.2613368714941144	0.14084290707757555	0.3523450997495477	0.010857096860939363	1.2579564487603953E-6	0.18368229577094516	0.0235992201341364	0.0014498984766003632
106	file:/vast/home/akim/corn/analysis/data/nonde_data/order_res/../order/N00152.txt	0.07725400199421015	1.50800448860091E-6	0.0038636741635704693	0.2393861301892854	0.12455282098737927	0.006104770792711236	0.02241932005878286	0.1676494749688507	0.11345624014897059	0.24531205869175074
107	file:/vast/home/akim/corn/analysis/data/nonde_data/order_res/../order/N00153.txt	0.27112749273882253	0.008005463302712129	0.017463525006473583	0.11540605683177363	0.4256808161590887	0.017357272364790118	1.2362366976394272E-6	0.0245564139156252	0.0494196680285189	0.07098205541549753
108	file:/vast/home/akim/corn/analysis/data/nonde_data/order_res/../order/N00154.txt	0.030837833386598824	1.6415427827586405E-6	3.7256712096689137E-4	0.02916589376623643	0.1633708956696841	0.014232208387873577	0.7601988513531011	2.2826448334555954E-5	0.0017950499877475228	2.232336674192929E-6
109	file:/vast/home/akim/corn/analysis/data/nonde_data/order_res/../order/N00155.txt	2.5445923315481273E-6	0.02798119308401552	0.025584590642663496	1.1055536636566242E-4	0.27001899413794994	0.2616022069332762	0.11948743524690365	0.1895501586645846	0.014865454332498917	0.09079686699941042
110	file:/vast/home/akim/corn/analysis/data/nonde_data/order_res/../order/N00156.txt	0.03603478159043747	0.049888999403689176	0.039804086771573904	0.2893047999507764	0.17423117570235588	0.015084596362213161	3.5783400773735765E-4	0.1130840388340725	0.10715787031546195	0.17505181706168216
111	file:/vast/home/akim/corn/analysis/data/nonde_data/order_res/../order/N00157.txt	0.025913602299128338	0.052096048694889145	0.04108812374114956	0.6578963127980575	0.01637468870852105	0.05229807934068391	2.5510128000506247E-4	0.05750256138251463	0.06975527379613068	0.026820207958920095
112	file:/vast/home/akim/corn/analysis/data/nonde_data/order_res/../order/N00158.txt	0.18353293897253745	1.582003274591052E-6	6.661054352288876E-4	0.21908446753545252	0.14089336388475857	0.04682958426166103	0.03431423014221946	0.15319271737571954	0.054216557507629624	0.1672684528815183
113	file:/vast/home/akim/corn/analysis/data/nonde_data/order_res/../order/N00159.txt	0.2108487961580143	1.6015195620224134E-6	0.05782992049875872	0.035817795174306694	0.4327612266226683	0.0678741274120905	1.240775899933183E-6	0.13169190395521985	0.015010527892868025	0.048162859990611616
114	file:/vast/home/akim/corn/analysis/data/nonde_data/order_res/../order/N00160.txt	0.0049146000778842154	1.5910871710780808E-6	6.195150176456588E-5	0.006198837609683414	0.28424926146592283	0.11583867848676617	0.5296858086007579	0.01271247441714472	0.043613204452075345	0.0027235923008298393
115	file:/vast/home/akim/corn/analysis/data/nonde_data/order_res/../order/N00161.txt	0.05735052783126129	1.4437475744624948E-6	3.673837777827319E-6	0.2323994967278892	0.39350833945321534	0.07309681996393612	1.1185421885936239E-6	2.56242233182816E-6	0.23552526300215088	0.008110754471674473
116	file:/vast/home/akim/corn/analysis/data/nonde_data/order_res/../order/N00162.txt	0.009011140185508665	1.023819602161527E-5	0.02295207698864956	0.4436864691920459	0.10276668829818973	0.21607557621291731	1.8569416924485533E-4	1.136100028849658E-5	0.20489448568300714	4.062700741266728E-4
117	file:/vast/home/akim/corn/analysis/data/nonde_data/order_res/../order/N00163.txt	0.06622742302418355	1.6089903678251317E-6	0.053610526342007345	0.10826036320958418	0.3537311158357942	0.24955283317491456	0.002967996124000677	0.1398402058555575	0.019735613630318352	0.006072313813271779
118	file:/vast/home/akim/corn/analysis/data/nonde_data/order_res/../order/N00164.txt	0.04048708698460916	0.00757183806107794	0.004246501647348895	0.006134355435621058	0.21883695678891205	0.06293023886189171	0.3307480742778811	1.0567791615845414E-5	0.32902437165808246	1.0008492959751476E-5
