0	file:/vast/home/akim/corn/analysis/data/coral_data/./ASV/C14iexposed071717L_S1.txt	3.3705151824529033E-7	1.9202786622662533E-7	0.0011019079219207778	1.1411179459601576E-7	0.9974325959246123	2.814584046728476E-4	2.932168524834484E-7	3.1170578017614285E-7	2.0272561543567012E-5	1.0141141653653E-7	9.482998124263549E-7	2.272810431077032E-7	0.0011601739754066697	1.0553296519838198E-6	1.0776107989144361E-8
1	file:/vast/home/akim/corn/analysis/data/coral_data/./ASV/C14jexposed071717L_S2.txt	3.003438240534164E-4	1.9202978654861654E-7	0.990414241164006	1.1411293573970977E-7	6.480851356068496E-8	2.814612193204022E-4	2.932197847181343E-7	0.007050470784264931	2.723129961180656E-7	1.0141243067357772E-7	9.483092956384524E-7	0.0010502509753919991	1.5940330516201878E-7	9.010756476992581E-4	1.077621575265576E-8
2	file:/vast/home/akim/corn/analysis/data/coral_data/./ASV/C14kexposed071717L_S3.txt	3.370211859574783E-7	9.018504182824729E-5	0.9947048674882586	1.1410152532971947E-7	6.48020332111453E-8	4.3142146078315954E-4	2.931904650100818E-7	6.802590248996003E-4	2.7228576692699053E-7	1.014022902157532E-7	0.00286072676286677	4.101955140305985E-4	1.5938736606577243E-7	8.209917415620712E-4	1.0775138214521414E-8
3	file:/vast/home/akim/corn/analysis/data/coral_data/./ASV/C17abaseline070217H_S17.txt	3.3704814772146795E-7	8.019223101629397E-5	0.9814444098861611	1.1411065347514467E-7	6.480721738709117E-8	0.013731490067534335	2.932139203074073E-7	3.117026631103509E-7	2.723075498441824E-7	1.0141040241976508E-7	0.0037509579030021037	2.2727877029144606E-7	1.594001170877433E-7	9.91057856844253E-4	1.0776000227788236E-8
4	file:/vast/home/akim/corn/analysis/data/coral_data/./ASV/C17aexposed072817H_S4.txt	2.5034269585931973E-4	1.9202978654861654E-7	0.9937243158504552	1.1411293573970977E-7	6.480851356068496E-8	4.6146528081915015E-4	6.029457361763411E-5	3.1170889730427753E-7	1.0272538634937394E-5	1.0141243067357772E-7	0.004221043528877396	2.272833159694177E-7	3.201666237473806E-4	9.510767758933548E-4	1.077621575265576E-8
5	file:/vast/home/akim/corn/analysis/data/coral_data/./ASV/C17bexposed072817H_S5.txt	3.3706837187562254E-7	1.920374682206698E-7	0.21883558517054108	1.1411750054272883E-7	0.7609976753883284	0.0026916232656358247	0.005210619207080744	3.117213664402809E-7	2.723238893194257E-7	1.0141648742460869E-7	0.0122617154221719	2.272924078708765E-7	1.5940968169316256E-7	1.0553824217678747E-6	1.077664682825541E-8
6	file:/vast/home/akim/corn/analysis/data/coral_data/./ASV/C17cexposed072817H_S6.txt	3.3705151824529033E-7	1.9202786622662533E-7	0.9934743754672025	1.1411179459601576E-7	6.480786546740712E-8	0.0018014775012394444	2.932168524834484E-7	3.1170578017614285E-7	2.723102729538923E-7	1.0141141653653E-7	0.004221001317911794	2.272810431077032E-7	1.5940171110894048E-7	5.010616114173119E-4	1.0776107989144361E-8
7	file:/vast/home/akim/corn/analysis/data/coral_data/./ASV/C17dbaseline070217H_S18.txt	3.3700096746508226E-7	4.0186502356366755E-5	0.9951851191920349	1.1409468017897411E-7	6.479814562344958E-8	0.003350994319249026	2.0290424521180484E-5	3.1165903073420207E-7	2.722694320259886E-7	1.0139620691440868E-7	8.308341008620101E-4	2.2724695563610416E-7	1.593778041379676E-7	5.709768432619457E-4	1.077449179507025E-8
8	file:/vast/home/akim/corn/analysis/data/coral_data/./ASV/C17eexposed072817H_S7.txt	3.3704140687605116E-7	2.101883604776288E-4	0.9942445578065562	7.01128878286811E-5	2.0006131865663463E-4	0.0014514295605698455	2.932080561312526E-7	1.903083835277666E-4	2.723021037881464E-7	1.0140837424708116E-7	0.00233090764473098	5.302180329735238E-4	1.593969291409886E-7	7.710418720238179E-4	1.0775784711541558E-8
9	file:/vast/home/akim/corn/analysis/data/coral_data/./ASV/C18abaseline070217M_S19.txt	3.3704814772146795E-7	1.9202594594304068E-7	0.9465943205523895	1.1411065347514467E-7	6.480721738709117E-8	0.0157414952199269	2.932139203074073E-7	3.117026631103509E-7	2.723075498441824E-7	1.0141040241976508E-7	0.036841042725226	1.1022756074202397E-4	1.2015970772261413E-4	5.910568314924983E-4	1.0776000227788236E-8
10	file:/vast/home/akim/corn/analysis/data/coral_data/./ASV/C18cbaseline070217M_S15.txt	3.370582594951731E-7	1.9203170690901543E-7	0.989174104923399	1.1411407690622739E-7	6.48091616669251E-8	2.1455567271613584E-5	0.0015003420693668465	3.1171201449475684E-7	2.72315719336704E-7	1.0141344483090883E-7	0.008651230001126423	2.2728558887659093E-7	1.5940489924697918E-7	6.510765176408594E-4	1.07763235183225E-8
11	file:/vast/home/akim/corn/analysis/data/coral_data/./ASV/C18cexposed072817M_S8.txt	3.3704140687605116E-7	1.9202210549108634E-7	0.9823647649500753	1.1410837130186858E-7	6.480592126534342E-8	0.007841318142464894	2.932080561312526E-7	3.116964291657877E-7	2.723021037881464E-7	1.0140837424708116E-7	0.009330785590468904	2.2727422479529834E-7	1.593969291409886E-7	4.6104727728399564E-4	1.0775784711541558E-8
12	file:/vast/home/akim/corn/analysis/data/coral_data/./ASV/C18dexposed072817M_S9.txt	3.3705151824529033E-7	1.9202786622662533E-7	0.9974144249675133	1.1411179459601576E-7	6.480786546740712E-8	1.7145702268447541E-4	0.0015503126903250002	3.1170578017614285E-7	2.723102729538923E-7	1.0141141653653E-7	9.482998124263549E-7	2.272810431077032E-7	1.5940171110894048E-7	8.61066134288348E-4	1.0776107989144361E-8
13	file:/vast/home/akim/corn/analysis/data/coral_data/./ASV/C18eexposed072817M_S10.txt	3.3704140687605116E-7	1.9202210549108634E-7	0.10509006166201476	1.1410837130186858E-7	6.480592126534342E-8	5.614450788974523E-4	2.932080561312526E-7	3.116964291657877E-7	2.723021037881464E-7	1.0140837424708116E-7	9.48271363928028E-7	0.8843548071131173	0.009989985208060836	1.0552979926462923E-6	1.0775784711541558E-8
14	file:/vast/home/akim/corn/analysis/data/coral_data/./ASV/C20abaseline070217M_S21.txt	3.370582594951731E-7	1.401965907275603E-4	0.9931242335529101	1.1411407690622739E-7	6.48091616669251E-8	0.0012614959471688107	3.029419965000817E-5	3.1171201449475684E-7	2.72315719336704E-7	1.0141344483090883E-7	0.00483110560499151	2.2728558887659093E-7	1.5940489924697918E-7	6.010748894191983E-4	1.0011101967850556E-5
15	file:/vast/home/akim/corn/analysis/data/coral_data/./ASV/C20bbaseline070217M_S11.txt	0.004430348403918404	0.001410195640310878	0.019421943863923673	1.1411065347514467E-7	6.480721738709117E-8	0.02662152310949463	2.932139203074073E-7	3.117026631103509E-7	2.723075498441824E-7	1.0141040241976508E-7	0.4562721178834421	0.48775147756706605	1.0159425750881609E-5	0.0040810657776865576	1.0776000227788236E-8
16	file:/vast/home/akim/corn/analysis/data/coral_data/./ASV/C20bexposed072817M_S12.txt	0.0031304076798392864	1.9202978654861654E-7	0.09939413674520382	6.0115466768655685E-5	6.480851356068496E-8	1.454901433461002E-6	2.932197847181343E-7	3.1170889730427753E-7	2.723129961180656E-7	1.0141243067357772E-7	0.6941066096741065	0.20109476465433387	1.5940330516201878E-7	0.00221110520638459	1.077621575265576E-8
17	file:/vast/home/akim/corn/analysis/data/coral_data/./ASV/C20cexposed072817M_S13.txt	3.3703803655445265E-7	1.9202018532271437E-7	2.0188853910016623E-4	1.1410723024946219E-7	6.480527322391084E-8	3.61444951775588E-4	2.932051241311355E-7	3.1169331228701267E-7	2.7229938084181697E-7	1.0140736019116097E-7	9.482618814745553E-7	2.2727195211540505E-7	0.9987227578157418	7.110358079691061E-4	1.0775676956650872E-8
18	file:/vast/home/akim/corn/analysis/data/coral_data/./ASV/C20dbaseline070217M_S20.txt	3.3705151824529033E-7	1.9202786622662533E-7	0.9557239011939203	1.1411179459601576E-7	6.480786546740712E-8	0.0010314678273208395	0.0044203487476579826	2.403147210275336E-4	0.015410465914280363	1.0141141653653E-7	0.02228122821527544	2.272810431077032E-7	1.5940171110894048E-7	8.910665111942676E-4	1.0776107989144361E-8
19	file:/vast/home/akim/corn/analysis/data/coral_data/./ASV/C20dexposed072817M_S14.txt	3.3704140687605116E-7	1.9202210549108634E-7	0.048431049604084654	1.1410837130186858E-7	6.480592126534342E-8	0.018081139594515797	2.932080561312526E-7	3.116964291657877E-7	2.0271953377325073E-5	1.0140837424708116E-7	0.9196349129567757	0.0028201781037935016	0.011009967423011219	1.0552979926462923E-6	1.0775784711541558E-8
20	file:/vast/home/akim/corn/analysis/data/coral_data/./ASV/C20eexposed072817M_S16.txt	3.3703803655445265E-7	1.9202018532271437E-7	0.9846948773719999	1.1410723024946219E-7	6.480527322391084E-8	0.00221139419540788	2.932051241311355E-7	3.1169331228701267E-7	2.7229938084181697E-7	1.0140736019116097E-7	0.012320610251908417	8.022507708216049E-5	1.4015555431279433E-4	5.510401977090159E-4	1.0775676956650872E-8
21	file:/vast/home/akim/corn/analysis/data/coral_data/./ASV/C21abaseline070217H_S22.txt	3.3703803655445265E-7	1.9202018532271437E-7	0.9559056672508249	1.1410723024946219E-7	6.480527322391084E-8	0.012201120111022258	0.016269846823447048	3.1169331228701267E-7	2.7229938084181697E-7	1.0140736019116097E-7	0.015070534803253715	2.2727195211540505E-7	1.5939533521542915E-7	5.510401977090159E-4	1.0775676956650872E-8
22	file:/vast/home/akim/corn/analysis/data/coral_data/./ASV/C21cbaseline070217H_S24.txt	3.3703803655445265E-7	1.9202018532271437E-7	0.9653654077074528	5.011273543652764E-5	6.480527322391084E-8	0.03170058511147075	2.932051241311355E-7	6.0310047159820825E-5	2.7229938084181697E-7	6.009976120772497E-5	0.0022408868055227367	2.2727195211540505E-7	1.5939533521542915E-7	5.210410207852489E-4	1.0775676956650872E-8
23	file:/vast/home/akim/corn/analysis/data/coral_data/./ASV/C21cexposed072817H_S23.txt	2.5033268232608764E-4	0.024029773027260105	0.9531552742650745	1.1410837130186858E-7	6.480592126534342E-8	0.0025414105549776077	2.932080561312526E-7	3.116964291657877E-7	0.012520053999337904	1.0140837424708116E-7	0.006480835283989891	2.2727422479529834E-7	1.593969291409886E-7	0.0010210375129430297	1.0775784711541558E-8
24	file:/vast/home/akim/corn/analysis/data/coral_data/./ASV/C21dbaseline070217H_S25.txt	1.8035193774801572E-4	1.920413092871656E-7	0.9829530499973679	1.1411978308119376E-7	6.481240239257369E-8	0.014622662164913855	2.9323737935789023E-7	3.117276013823876E-7	2.723293362469288E-7	1.0141851592183675E-7	0.0014310664415707218	9.023472827120241E-5	1.5941287015004617E-7	7.211148540680234E-4	1.077686237898857E-8
25	file:/vast/home/akim/corn/analysis/data/coral_data/./ASV/C22abaseline070217_S27.txt	3.3703129611346534E-7	1.9201634510117507E-7	0.8964093714410831	1.141049482131093E-7	6.480397717992631E-8	0.10005670851582682	2.931992603068129E-7	3.1168707871646647E-7	2.7229393511252715E-7	1.0140533214016104E-7	0.0020608505281003984	1.702192035627922E-4	1.593921474599412E-7	0.0013009936016450333	1.077546145333449E-8
26	file:/vast/home/akim/corn/analysis/data/coral_data/./ASV/C22cexposed072817H_S26.txt	3.370279259940725E-7	0.0013601139050984136	0.8365738440982451	1.1410380722916144E-7	6.48033291773736E-8	0.15639247221248506	2.9319632848260393E-7	3.1168396202469156E-7	0.004909990293569848	1.0140431814508011E-7	9.482334352519661E-7	2.2726513434843113E-7	1.5939055363001082E-7	7.610116064535611E-4	1.0775353704908663E-8
27	file:/vast/home/akim/corn/analysis/data/coral_data/./ASV/C22ebaseline070217H_S28.txt	3.3709196978987295E-7	1.9205091262568093E-7	1.8943293594354204E-6	1.1412548982685327E-7	6.48156434423378E-8	0.020574182251598173	0.9133813741287902	3.1174318982891373E-7	2.7234295451902525E-7	1.0142358751994099E-7	0.06555963909477756	2.2730832044885246E-7	3.0163398270296106E-5	4.511151177350191E-4	1.0777401293547852E-8
28	file:/vast/home/akim/corn/analysis/data/coral_data/./ASV/C22eexposed072817H_S29.txt	3.370447772650556E-7	0.4292669997268142	0.5368279018892722	3.0113886415220655E-5	6.480656931973674E-8	0.01658133155942495	2.932109881900093E-7	3.116995461068998E-7	2.7230482678893433E-7	1.0140938832328234E-7	0.017160820669273085	1.302263097431761E-4	1.5939852309842634E-7	1.0553085455477407E-6	1.0775892468587324E-8
29	file:/vast/home/akim/corn/analysis/data/coral_data/./ASV/C24aexposed072817L_S30.txt	0.038990826903578524	1.9202786622662533E-7	0.037132360585930314	1.1411179459601576E-7	6.480786546740712E-8	0.02211173266654707	2.932168524834484E-7	3.1170578017614285E-7	2.723102729538923E-7	1.0141141653653E-7	0.9004022603771799	2.272810431077032E-7	1.5940171110894048E-7	0.0013610724160536757	1.0776107989144361E-8
30	file:/vast/home/akim/corn/analysis/data/coral_data/./ASV/C24bexposed072817L_S32.txt	3.3704140687605116E-7	1.9202210549108634E-7	0.975244889096696	0.004490035819280342	0.002280025051104475	2.814499610679354E-4	2.932080561312526E-7	3.116964291657877E-7	2.723021037881464E-7	1.0140837424708116E-7	9.48271363928028E-7	0.0027901786268831963	1.593969291409886E-7	0.014910795322414424	1.0775784711541558E-8
31	file:/vast/home/akim/corn/analysis/data/coral_data/./ASV/C24cbaseline070217L_S34.txt	3.3705151824529033E-7	1.9202786622662533E-7	0.9686140631378304	1.1411179459601576E-7	6.480786546740712E-8	0.00754154961590541	2.932168524834484E-7	3.1170578017614285E-7	2.723102729538923E-7	1.0141141653653E-7	0.0018109710398029138	2.272810431077032E-7	1.5940171110894048E-7	0.022031332104232335	1.0776107989144361E-8
32	file:/vast/home/akim/corn/analysis/data/coral_data/./ASV/C24dbaseline070217L_S36.txt	2.0336692680412977E-5	1.9202210549108634E-7	0.9539252608391058	1.1410837130186858E-7	6.480592126534342E-8	0.006401343250770235	2.932080561312526E-7	3.116964291657877E-7	2.723021037881464E-7	1.0140837424708116E-7	5.009395532023512E-4	2.2727422479529834E-7	1.593969291409886E-7	0.03915037266594118	1.0775784711541558E-8
33	file:/vast/home/akim/corn/analysis/data/coral_data/./ASV/C24dexposed072817L_S33.txt	3.3705151824529033E-7	1.9202786622662533E-7	0.966384035121157	1.1411179459601576E-7	6.480786546740712E-8	1.4548868842638803E-6	2.932168524834484E-7	3.1170578017614285E-7	2.723102729538923E-7	1.0141141653653E-7	5.609553353895937E-4	2.272810431077032E-7	1.5940171110894048E-7	0.033051470554340164	1.0776107989144361E-8
34	file:/vast/home/akim/corn/analysis/data/coral_data/./ASV/C24eexposed072817L_S35.txt	3.3703466630025807E-7	0.0047500142009429475	0.9458064862734256	1.14106089219876E-7	6.48046251954386E-8	0.01895074541661495	5.029133043090287E-5	3.116901954705729E-7	2.7229665794994445E-7	1.0140634615552114E-7	9.482523992107244E-7	2.2726967948096367E-7	8.701268250949315E-4	0.029569948317262472	1.0775569203915205E-8
35	file:/vast/home/akim/corn/analysis/data/coral_data/./ASV/C28bexposed071717M_S37.txt	0.05194735336651521	1.9201442504800543E-7	1.1188765179140384E-4	1.1410380722916144E-7	6.48033291773736E-8	1.4547850480311115E-6	0.9057982672157903	3.1168396202469156E-7	2.722912123295635E-7	1.0140431814508011E-7	9.482334352519661E-7	2.2726513434843113E-7	1.5939055363001082E-7	0.042138635015324055	1.0775353704908663E-8
36	file:/vast/home/akim/corn/analysis/data/coral_data/./ASV/C28cbaseline070717M_S38.txt	3.3703466630025807E-7	1.9201826519274433E-7	0.9354268748510687	1.14106089219876E-7	6.48046251954386E-8	0.012580983879002887	2.9320219218965615E-7	3.116901954705729E-7	0.019249551668562535	6.0099160232611374E-5	0.009190604222674698	7.022464921367946E-5	1.59393741321747E-7	0.023420178543900747	1.0775569203915205E-8
37	file:/vast/home/akim/corn/analysis/data/coral_data/./ASV/C28cexposed071717M_S39.txt	3.3705488883652467E-7	0.00311026220345936	0.21904683651367707	1.1411293573970977E-7	6.480851356068496E-8	1.454901433461002E-6	0.13135325698567663	3.1170889730427753E-7	0.5605329198200972	1.0141243067357772E-7	0.03663177482429084	2.272833159694177E-7	1.5940330516201878E-7	0.04932216819086245	1.077621575265576E-8
38	file:/vast/home/akim/corn/analysis/data/coral_data/./ASV/C28fbaseline070717M_S40.txt	3.370447772650556E-7	1.9202402569786138E-7	0.35024928940485384	1.1410951237709585E-7	6.480656931973674E-8	0.07462089994079296	0.5372262980614764	3.116995461068998E-7	2.7230482678893433E-7	1.0140938832328234E-7	0.00117093958005747	2.2727649752064487E-7	1.5939852309842634E-7	0.036730782163260346	1.0775892468587324E-8
39	file:/vast/home/akim/corn/analysis/data/coral_data/./ASV/C28hexposed071717M_S41.txt	3.3707511379969604E-7	1.920413092871656E-7	0.4017650651570996	1.1411978308119376E-7	6.481240239257369E-8	0.02006311134674794	0.49891148502810906	3.117276013823876E-7	0.01024111784808276	1.0141851592183675E-7	0.016532313251441066	2.2729695409438546E-7	0.004280512813283731	0.048205035286693454	1.077686237898857E-8
40	file:/vast/home/akim/corn/analysis/data/coral_data/./ASV/C28ibaseline070717M_S42.txt	3.3703803655445265E-7	1.9202018532271437E-7	0.7108223915092906	4.0113009795272E-5	6.480527322391084E-8	0.009091205436591757	0.2509634076237168	3.1169331228701267E-7	2.7229938084181697E-7	1.0140736019116097E-7	9.482618814745553E-7	2.2727195211540505E-7	1.5939533521542915E-7	0.029080257452211343	1.0775676956650872E-8
41	file:/vast/home/akim/corn/analysis/data/coral_data/./ASV/C28iexposed071717M_S43.txt	3.3703803655445265E-7	3.301829663467587E-4	0.37007174055786357	1.1410723024946219E-7	6.480527322391084E-8	0.03433051295512098	2.932051241311355E-7	3.1169331228701267E-7	0.5539350741967367	1.0140736019116097E-7	9.482618814745553E-7	2.2727195211540505E-7	1.5939533521542915E-7	0.041329921362749496	1.0775676956650872E-8
42	file:/vast/home/akim/corn/analysis/data/coral_data/./ASV/C28jexposed071717M_S44.txt	3.3703803655445265E-7	1.9202018532271437E-7	0.2995236761588051	1.1410723024946219E-7	6.480527322391084E-8	0.0015314128518024973	0.6617221377895744	3.1169331228701267E-7	2.7229938084181697E-7	1.0140736019116097E-7	9.482618814745553E-7	1.0226997593371039E-5	1.5939533521542915E-7	0.03721003439855217	1.0775676956650872E-8
43	file:/vast/home/akim/corn/analysis/data/coral_data/./ASV/C29bbaseline070717M_S45.txt	3.3703466630025807E-7	1.9201826519274433E-7	2.189325863098509E-5	1.14106089219876E-7	6.48046251954386E-8	0.01320096066916293	0.029389192980907818	3.116901954705729E-7	0.9557644917078997	1.0140634615552114E-7	0.0016008883560380337	2.2726967948096367E-7	2.015864503680703E-5	1.0552768874765458E-6	1.0775569203915205E-8
44	file:/vast/home/akim/corn/analysis/data/coral_data/./ASV/C29cexposed071717M_S46.txt	0.09971857014876757	1.920413092871656E-7	0.8884652487658083	1.1411978308119376E-7	6.481240239257369E-8	0.00904220142325316	0.001970455900653833	3.117276013823876E-7	2.723293362469288E-7	1.8011628115013786E-4	1.0949191900795205E-5	2.2729695409438546E-7	1.5941287015004617E-7	6.111057713471135E-4	1.077686237898857E-8
45	file:/vast/home/akim/corn/analysis/data/coral_data/./ASV/C29dexposed071717M_S47.txt	0.08622969578918394	1.9202402569786138E-7	0.7322164488574924	1.1410951237709585E-7	6.480656931973674E-8	0.05847102004142884	0.00944022300974963	3.116995461068998E-7	0.10318950492497435	1.0140938832328234E-7	0.007860889829391583	0.0025802080901420666	1.0159324157379613E-5	1.0553085455477407E-6	1.0775892468587324E-8
46	file:/vast/home/akim/corn/analysis/data/coral_data/./ASV/C29ebaseline070717M_S51.txt	3.370447772650556E-7	1.9202402569786138E-7	0.6362171627683929	1.1410951237709585E-7	6.480656931973674E-8	0.007711397521817537	2.932109881900093E-7	3.116995461068998E-7	0.35606762436467704	1.0140938832328234E-7	9.482808465711484E-7	2.2727649752064487E-7	1.5939852309842634E-7	1.0553085455477407E-6	1.0775892468587324E-8
47	file:/vast/home/akim/corn/analysis/data/coral_data/./ASV/C29eexposed071717M_S48.txt	0.05188098884748867	1.7019416366643813E-4	0.8698328221122722	2.0114363065209134E-5	6.480786546740712E-8	0.005061518458349383	2.932168524834484E-7	8.203220078753141E-4	0.07169117298978568	1.0141141653653E-7	9.482998124263549E-7	4.022778358433394E-5	1.5940171110894048E-7	4.810613601466987E-4	1.0776107989144361E-8
48	file:/vast/home/akim/corn/analysis/data/coral_data/./ASV/C29fexposed071717M_S49.txt	0.028050689458553147	1.9202786622662533E-7	2.418971172844138E-4	1.1411179459601576E-7	6.480786546740712E-8	0.09176260771645725	2.932168524834484E-7	3.1170578017614285E-7	0.8799413273378031	1.0141141653653E-7	9.482998124263549E-7	2.272810431077032E-7	1.5940171110894048E-7	1.0553296519838198E-6	1.0776107989144361E-8
49	file:/vast/home/akim/corn/analysis/data/coral_data/./ASV/C29hbaseline070717M_S31.txt	4.033715068289693E-5	1.9202594594304068E-7	0.09572213944977087	1.1411065347514467E-7	6.480721738709117E-8	0.01809150124386846	2.932139203074073E-7	3.117026631103509E-7	0.8861425438205595	1.0141040241976508E-7	9.482903294039221E-7	2.2727877029144606E-7	1.594001170877433E-7	1.055319098660248E-6	1.0776000227788236E-8
50	file:/vast/home/akim/corn/analysis/data/coral_data/./ASV/C29iexposed071717M_S50.txt	3.3704814772146795E-7	0.0019001968963667773	1.8940830959874289E-6	1.1411065347514467E-7	6.480721738709117E-8	0.002601461537121763	2.932139203074073E-7	3.117026631103509E-7	0.9689227560171051	1.0141040241976508E-7	4.0948392864579384E-5	0.026530295285225415	1.594001170877433E-7	1.055319098660248E-6	1.0776000227788236E-8
51	file:/vast/home/akim/corn/analysis/data/coral_data/./ASV/C30aexposed071717L_S52.txt	3.370447772650556E-7	1.9202402569786138E-7	0.3575592350435134	1.1410951237709585E-7	6.480656931973674E-8	0.003491428904150877	0.024330112279194318	3.116995461068998E-7	0.6124857174789152	1.0140938832328234E-7	0.0021009326640456204	3.0227053400364206E-5	1.5939852309842634E-7	1.0553085455477407E-6	1.0775892468587324E-8
52	file:/vast/home/akim/corn/analysis/data/coral_data/./ASV/C30bexposed071717L_S53.txt	0.039409255790225015	1.9202018532271437E-7	2.189347755756479E-5	1.1410723024946219E-7	6.480527322391084E-8	0.008551220251963953	0.03394936175718701	3.1169331228701267E-7	0.9180650836974195	1.0140736019116097E-7	9.482618814745553E-7	2.2727195211540505E-7	1.5939533521542915E-7	1.0552874399558961E-6	1.0775676956650872E-8
53	file:/vast/home/akim/corn/analysis/data/coral_data/./ASV/C30fexposed071717L_S57.txt	0.008909914390996532	9.401474280306672E-4	0.957946452329519	1.141049482131093E-7	5.600382407260277E-4	4.714325054379745E-4	0.016679501993850987	3.1168707871646647E-7	2.7229393511252715E-7	1.0140533214016104E-7	0.013750296020232596	2.2726740689197282E-7	1.593921474599412E-7	7.410201648961857E-4	1.077546145333449E-8
54	file:/vast/home/akim/corn/analysis/data/coral_data/./ASV/C30gbaseline070717_S59.txt	3.370447772650556E-7	1.9202402569786138E-7	0.08985122588817177	7.01135889523454E-5	6.480656931973674E-8	0.04651110898282854	2.932109881900093E-7	3.116995461068998E-7	0.8553139116561652	1.0140938832328234E-7	0.008250886929128549	2.2727649752064487E-7	1.5939852309842634E-7	1.0553085455477407E-6	1.0775892468587324E-8
55	file:/vast/home/akim/corn/analysis/data/coral_data/./ASV/C30gexposed071717L_S56.txt	3.3703466630025807E-7	1.9201826519274433E-7	0.22218357627452925	1.14106089219876E-7	6.48046251954386E-8	0.0452497608701781	0.31008868453869154	3.116901954705729E-7	0.41823461501349396	1.2009691411906722E-4	0.0023308610283232466	0.0017901602606254139	1.59393741321747E-7	1.0552768874765458E-6	1.0775569203915205E-8
56	file:/vast/home/akim/corn/analysis/data/coral_data/./ASV/C30hexposed071717L_S58.txt	1.603374582884233E-4	1.9202594594304068E-7	0.23954250811499422	1.1411065347514467E-7	6.480721738709117E-8	0.010221481070072688	0.15031067851547592	0.0012503149068873436	0.0649604388246748	1.0141040241976508E-7	1.0948315963197786E-5	2.2727877029144606E-7	0.533541527065555	1.055319098660248E-6	1.0776000227788236E-8
57	file:/vast/home/akim/corn/analysis/data/coral_data/./ASV/C30ibaseline070717L_S54.txt	3.3704814772146795E-7	1.9202594594304068E-7	0.5337232622099422	1.1411065347514467E-7	6.480721738709117E-8	0.023321514650342653	2.932139203074073E-7	3.117026631103509E-7	0.442521406654196	1.0141040241976508E-7	4.309493925825401E-4	2.2727877029144606E-7	1.594001170877433E-7	1.055319098660248E-6	1.0776000227788236E-8
58	file:/vast/home/akim/corn/analysis/data/coral_data/./ASV/C30jbaseline070717_S60.txt	3.3705151824529033E-7	1.9202786622662533E-7	0.8818829735028166	1.1411179459601576E-7	6.480786546740712E-8	1.8145714831978196E-4	2.932168524834484E-7	3.1170578017614285E-7	0.11649173583595906	1.0141141653653E-7	0.001440966391296571	2.272810431077032E-7	1.5940171110894048E-7	1.0553296519838198E-6	1.0776107989144361E-8
59	file:/vast/home/akim/corn/analysis/data/coral_data/./ASV/C30jexposed071717L_S55.txt	3.3703129611346534E-7	1.9201634510117507E-7	0.7765050592972361	1.141049482131093E-7	6.480397717992631E-8	0.001191398352686493	1.8028466107243644E-4	9.030741798478128E-5	0.21784993824054935	1.0140533214016104E-7	0.0036707741587533355	5.102030758745926E-4	1.593921474599412E-7	1.055266335208235E-6	1.077546145333449E-8
60	file:/vast/home/akim/corn/analysis/data/coral_data/./ASV/P10dbaseline062217H_S61.txt	3.3705488883652467E-7	1.9202978654861654E-7	0.0024219487255727817	1.1411293573970977E-7	6.480851356068496E-8	0.15359492048805953	4.029412233999545E-5	3.1170889730427753E-7	2.723129961180656E-7	0.8439391435236716	9.483092956384524E-7	2.272833159694177E-7	1.5940330516201878E-7	1.0553402055184629E-6	1.077621575265576E-8
61	file:/vast/home/akim/corn/analysis/data/coral_data/./ASV/P10dexposed071717H_S62.txt	3.370616302212375E-7	1.920336273078232E-7	4.219120362400402E-4	1.1411521809556932E-7	6.480980978612791E-8	0.05710388540256959	2.932256493634478E-7	0.01275085442123455	2.7231844260980904E-7	0.9172691434786687	0.012001459110477033	2.2728786182922423E-7	1.5940649336382265E-7	4.510745156462611E-4	1.0776431286144646E-8
62	file:/vast/home/akim/corn/analysis/data/coral_data/./ASV/P10ebaseline062217H_S63.txt	3.370582594951731E-7	1.9203170690901543E-7	0.0013919394044825113	1.1411407690622739E-7	6.48091616669251E-8	1.2145882371493593E-4	2.9322271701146685E-7	3.1171201449475684E-7	2.72315719336704E-7	0.9069896360518012	0.07485338576660581	2.2728558887659093E-7	1.5940489924697918E-7	0.0166415972229281	1.07763235183225E-8
63	file:/vast/home/akim/corn/analysis/data/coral_data/./ASV/P10eexposed071717H_S64.txt	3.3699759795219725E-7	1.9199714629727185E-7	0.0010417404875368624	1.1409353940036488E-7	6.479749773751546E-8	0.3165447845732157	2.9316994470297597E-7	0.016517876361885054	2.7226670973303403E-7	0.6147094707190813	0.01331898458173433	2.2724468350154368E-7	1.5937621059487283E-7	0.03786547255883267	1.0774384066035505E-8
64	file:/vast/home/akim/corn/analysis/data/coral_data/./ASV/P10hexposed071717_S66.txt	0.5254664293493508	1.9202402569786138E-7	0.0028118731673883106	1.1410951237709585E-7	6.480656931973674E-8	0.09345075991014443	1.0293136622471197E-5	0.08204970152882324	2.7230482678893433E-7	1.0140938832328234E-7	0.09934020953179588	2.2727649752064487E-7	1.5939852309842634E-7	0.19686959127063924	1.0775892468587324E-8
65	file:/vast/home/akim/corn/analysis/data/coral_data/./ASV/P10ibaseline062217H_S65.txt	2.9038134884172345E-4	1.9205475423002155E-7	0.0020622086957548203	1.1412777268493033E-7	6.481693995300669E-8	0.22731613498485467	2.93257909106533E-7	3.1174942564406734E-7	2.7234840220923366E-7	0.7688473993625698	0.0014811742608395438	2.2731286730894575E-7	1.59424030753656E-7	1.055477420679188E-6	1.0777616874463475E-8
66	file:/vast/home/akim/corn/analysis/data/coral_data/./ASV/P11bbaseline062217H_S67.txt	0.009110907056358596	1.920374682206698E-7	0.002522051866311919	1.0114743173415089E-5	6.481110606342311E-8	0.4014365700944026	2.932315142433617E-7	3.117213664402809E-7	2.723238893194257E-7	4.010391917891405E-5	0.14156980537241154	2.272924078708765E-7	3.0161286700310246E-5	0.44527891346706366	1.077664682825541E-8
67	file:/vast/home/akim/corn/analysis/data/coral_data/./ASV/P11bexposed071717H_S68.txt	3.370245559420775E-7	1.9201250503323428E-7	0.0017317772930210706	1.1410266626803172E-7	6.480268118778005E-8	0.05429779320856844	2.931933967170275E-7	0.09410396564781615	1.0271614168803128E-5	1.014033041702777E-7	0.4654195619624142	2.2726286185033726E-7	1.5938895983195487E-7	0.3844351303078343	1.0775245958637659E-8
68	file:/vast/home/akim/corn/analysis/data/coral_data/./ASV/P11eexposed071717_S71.txt	0.4919969983690963	1.9201634510117507E-7	2.218835528333722E-4	1.141049482131093E-7	6.480397717992631E-8	0.015290729527969981	0.003110145678347658	0.021489292322315754	2.7229393511252715E-7	1.0140533214016104E-7	0.12134519208126121	2.2726740689197282E-7	1.593921474599412E-7	0.34654461640862216	1.077546145333449E-8
69	file:/vast/home/akim/corn/analysis/data/coral_data/./ASV/P11hbaseline062217_S69.txt	3.3705151824529033E-7	1.9202786622662533E-7	0.00249192538522839	1.1411179459601576E-7	6.480786546740712E-8	0.013151620097312388	2.932168524834484E-7	3.1170578017614285E-7	2.723102729538923E-7	1.0141141653653E-7	0.07750192197343826	2.272810431077032E-7	1.5940171110894048E-7	0.906852448441792	1.0776107989144361E-8
70	file:/vast/home/akim/corn/analysis/data/coral_data/./ASV/P11hexposed071717_S70.txt	0.44069028050637904	1.9202978654861654E-7	0.0016919322539389707	1.1411293573970977E-7	6.480851356068496E-8	0.010531692499110214	2.0293671062356793E-5	3.1170889730427753E-7	2.723129961180656E-7	1.0141243067357772E-7	9.30969293705836E-4	2.272833159694177E-7	1.5940330516201878E-7	0.5461333779274067	1.077621575265576E-8
71	file:/vast/home/akim/corn/analysis/data/coral_data/./ASV/P12fbaseline062217H_S76.txt	3.370447772650556E-7	3.6018934685982056E-4	5.1893692326703256E-5	1.1410951237709585E-7	6.480656931973674E-8	1.4548577867425824E-6	2.932109881900093E-7	3.116995461068998E-7	2.7230482678893433E-7	1.0140938832328234E-7	0.2159993419813202	0.037199950636023535	1.5939852309842634E-7	0.746385504725659	1.0775892468587324E-8
72	file:/vast/home/akim/corn/analysis/data/coral_data/./ASV/P12fexposed071717H_S77.txt	0.010020162329448875	1.9202210549108634E-7	0.0037218291820928545	1.1410837130186858E-7	6.480592126534342E-8	0.8128472815535996	2.932080561312526E-7	3.116964291657877E-7	2.723021037881464E-7	1.0140837424708116E-7	9.48271363928028E-7	2.2727422479529834E-7	1.593969291409886E-7	0.17340803166519456	1.0775784711541558E-8
73	file:/vast/home/akim/corn/analysis/data/coral_data/./ASV/P12gbaseline062217_S74.txt	3.3707511379969604E-7	1.920413092871656E-7	0.002152071760543838	1.1411978308119376E-7	6.481240239257369E-8	4.114888425126914E-4	2.9323737935789023E-7	3.117276013823876E-7	2.723293362469288E-7	1.0141851592183675E-7	0.02149272279958391	2.2729695409438546E-7	1.5941287015004617E-7	0.9759416323492314	1.077686237898857E-8
74	file:/vast/home/akim/corn/analysis/data/coral_data/./ASV/P12gexposed071717_S75.txt	0.021760392827283172	1.9202594594304068E-7	0.002041899312389936	1.1411065347514467E-7	6.480721738709117E-8	8.814571281092179E-4	2.932139203074073E-7	0.01927036109898389	2.723075498441824E-7	1.0141040241976508E-7	9.482903294039221E-7	0.005500241377356917	1.594001170877433E-7	0.9505434919137408	1.0776000227788236E-8
75	file:/vast/home/akim/corn/analysis/data/coral_data/./ASV/P12ibaseline062217_S72.txt	1.803302963256678E-4	1.9201826519274433E-7	0.004811713943899711	1.14106089219876E-7	6.48046251954386E-8	0.6788660404137429	5.029133043090287E-5	0.02386941811135716	2.7229665794994445E-7	1.0140634615552114E-7	0.03829951448325353	2.2726967948096367E-7	1.59393741321747E-7	0.2539215493500164	1.0775569203915205E-8
76	file:/vast/home/akim/corn/analysis/data/coral_data/./ASV/P12iexposed071717_S73.txt	0.01682004376245143	1.9202210549108634E-7	0.002421851849312954	1.1410837130186858E-7	6.480592126534342E-8	1.4548432384183887E-6	2.932080561312526E-7	0.08227887703576008	2.723021037881464E-7	1.0140837424708116E-7	0.0013009256041438284	2.2727422479529834E-7	1.593969291409886E-7	0.8971754116032223	1.0775784711541558E-8
77	file:/vast/home/akim/corn/analysis/data/coral_data/./ASV/P7cbaseline062217H_S78.txt	3.369908591285641E-7	1.9199330699718536E-7	1.8937611557656958E-6	1.1409125791158165E-7	0.017387153560702723	0.0013612269493567446	0.0017899935026939177	0.9769867283392671	2.722612653104351E-7	1.0139316553743915E-7	9.481291470357555E-7	0.0024698137409051406	1.5937302360427988E-7	1.0551397244472888E-6	1.0774168614428675E-8
78	file:/vast/home/akim/corn/analysis/data/coral_data/./ASV/P7cexposed071717H_S79.txt	0.005070248639248487	0.0045701123381086785	0.01071170730219401	1.1410837130186858E-7	6.480592126534342E-8	0.04379069130664752	2.932080561312526E-7	0.9313840715050439	2.723021037881464E-7	1.0140837424708116E-7	9.48271363928028E-7	0.0024701842065066055	1.593969291409886E-7	0.002001020425346339	1.0775784711541558E-8
79	file:/vast/home/akim/corn/analysis/data/coral_data/./ASV/P7hbaseline062217H_S82.txt	3.3703466630025807E-7	1.9201826519274433E-7	0.003691755871352535	8.011111127116102E-5	6.48046251954386E-8	0.5856695293767814	2.9320219218965615E-7	0.21595222717884555	2.7229665794994445E-7	1.0140634615552114E-7	0.19404368394684518	2.2726967948096367E-7	1.59393741321747E-7	5.610343131610645E-4	1.0775569203915205E-8
80	file:/vast/home/akim/corn/analysis/data/coral_data/./ASV/P7hexposed071717H_S83.txt	0.0016403904639299817	1.9203170690901543E-7	0.005992089200875339	1.1411407690622739E-7	6.48091616669251E-8	0.017702031306451003	2.9322271701146685E-7	0.9737520203519329	2.72315719336704E-7	1.0141344483090883E-7	1.0095157522236256E-4	2.2728558887659093E-7	1.5940489924697918E-7	8.110817279501751E-4	1.07763235183225E-8
81	file:/vast/home/akim/corn/analysis/data/coral_data/./ASV/P7ibaseline062217_S80.txt	3.370211859574783E-7	1.9201058505686044E-7	1.8939315810725538E-6	1.1410152532971947E-7	6.48020332111453E-8	4.814175892515987E-4	2.931904650100818E-7	0.004020000406591334	2.7228576692699053E-7	1.014022902157532E-7	0.6230427019624668	0.36688181718768936	1.5938736606577243E-7	0.005570623946063789	1.0775138214521414E-8
82	file:/vast/home/akim/corn/analysis/data/coral_data/./ASV/P7iexposed071717_S81.txt	3.3703803655445265E-7	1.9202018532271437E-7	0.003021811169934255	1.1410723024946219E-7	6.480527322391084E-8	0.841868356840361	2.932051241311355E-7	0.11108726384202114	2.7229938084181697E-7	6.600832996830631E-4	0.043089766050052006	2.2727195211540505E-7	1.5939533521542915E-7	2.7104787975385804E-4	1.0775676956650872E-8
83	file:/vast/home/akim/corn/analysis/data/coral_data/./ASV/P8bbaseline062217H_S84.txt	3.3703803655445265E-7	1.9202018532271437E-7	0.0025818232417190072	1.1410723024946219E-7	6.480527322391084E-8	2.81447146645543E-4	2.932051241311355E-7	0.0799681176464336	2.7229938084181697E-7	1.0140736019116097E-7	1.309446952177978E-4	2.2727195211540505E-7	1.5939533521542915E-7	0.9170358949444292	1.0775676956650872E-8
84	file:/vast/home/akim/corn/analysis/data/coral_data/./ASV/P8bexposed071717H_S85.txt	0.027658195289926486	1.9201058505686044E-7	0.0012018010148236117	0.7274137856402336	6.48020332111453E-8	6.314059746569161E-4	2.931904650100818E-7	0.06369537934652028	2.7228576692699053E-7	1.014022902157532E-7	0.016709654348624408	2.2726058939768983E-7	5.01555158345049E-5	0.16263846114251215	1.0775138214521414E-8
85	file:/vast/home/akim/corn/analysis/data/coral_data/./ASV/P8dbaseline062217H_S86.txt	3.371526653156334E-7	6.403921885961015E-4	1.8946704453310767E-6	1.141460388378903E-7	5.002211578635175E-4	0.0031724464591713335	0.004881819091009252	3.117993211476773E-7	2.7239199157802724E-7	1.0144184947371245E-7	9.485843913190213E-7	2.2734924873921773E-7	1.5944954657388744E-7	0.9908007433385196	1.0779341832322034E-8
86	file:/vast/home/akim/corn/analysis/data/coral_data/./ASV/P8dexposed071717H_S87.txt	3.3705488883652467E-7	0.91625086573533	1.8941209785041058E-6	1.1411293573970977E-7	6.480851356068496E-8	7.214711474284527E-4	2.932197847181343E-7	3.1170889730427753E-7	2.723129961180656E-7	1.0141243067357772E-7	9.483092956384524E-7	2.272833159694177E-7	1.5940330516201878E-7	0.08302292859368358	1.077621575265576E-8
87	file:/vast/home/akim/corn/analysis/data/coral_data/./ASV/P8gbaseline062217_S88.txt	3.3705151824529033E-7	1.9202786622662533E-7	4.189460457828259E-5	4.0114614335822253E-5	6.480786546740712E-8	0.24939458810579457	2.932168524834484E-7	3.1170578017614285E-7	2.723102729538923E-7	1.0141141653653E-7	1.0948425447732914E-5	0.006760312210510342	0.0035402038766096313	0.7402103548550435	1.0776107989144361E-8
88	file:/vast/home/akim/corn/analysis/data/coral_data/./ASV/P8gexposed071717_S89.txt	3.3705151824529033E-7	1.9202786622662533E-7	0.002661927521028601	1.1411179459601576E-7	6.480786546740712E-8	5.114612942848985E-4	2.932168524834484E-7	3.1170578017614285E-7	2.723102729538923E-7	1.0141141653653E-7	1.0094955616549194E-4	2.272810431077032E-7	1.5940171110894048E-7	1.0553296519838198E-6	0.9967225329727482
89	file:/vast/home/akim/corn/analysis/data/coral_data/./ASV/P9ebaseline062217_S90.txt	3.3706500101471996E-7	1.9203554774504093E-7	0.0026120313754197386	1.1411635930773625E-7	6.481045791829378E-8	0.0020315616543386122	2.932285817740788E-7	3.1171824906275666E-7	2.723211659373824E-7	1.0141547320642371E-7	9.483377464127903E-7	2.2729013482731895E-7	1.594080875125501E-7	0.9953533744468979	1.077653905612226E-8
90	file:/vast/home/akim/corn/analysis/data/coral_data/./ASV/P9eexposed071727_S91.txt	3.3704140687605116E-7	1.9202210549108634E-7	3.1893522125291415E-5	0.9993726884213748	6.480592126534342E-8	5.614450788974523E-4	2.932080561312526E-7	3.116964291657877E-7	2.723021037881464E-7	1.0140837424708116E-7	2.0947922637464955E-5	2.2727422479529834E-7	1.593969291409886E-7	1.1055123629414755E-5	1.0775784711541558E-8
91	file:/vast/home/akim/corn/analysis/data/coral_data/./ASV/P9gbaseline062217_S92.txt	3.3705151824529033E-7	1.9202786622662533E-7	0.008762004158565602	1.1411179459601576E-7	6.480786546740712E-8	0.675989947582337	2.932168524834484E-7	0.04950093360054765	2.723102729538923E-7	1.0141141653653E-7	0.16763305432445627	2.272810431077032E-7	1.5940171110894048E-7	0.09811228793764463	1.0776107989144361E-8
92	file:/vast/home/akim/corn/analysis/data/coral_data/./ASV/P9gexposed071717_S93.txt	0.05169150338194595	0.022130691368493723	1.8941209785041058E-6	1.1411293573970977E-7	6.480851356068496E-8	5.214666346520661E-4	0.002980360460152878	0.02634090604154742	2.723129961180656E-7	1.0141243067357772E-7	0.029141605820815163	2.272833159694177E-7	1.5940330516201878E-7	0.8671906220617013	1.077621575265576E-8
93	file:/vast/home/akim/corn/analysis/data/coral_data/./ASV/P9ibaseline062217_S94.txt	3.3704814772146795E-7	1.9202594594304068E-7	0.005051907028161889	1.1411065347514467E-7	6.480721738709117E-8	6.314564872643713E-4	2.932139203074073E-7	0.2711110066604486	2.723075498441824E-7	1.0141040241976508E-7	0.0038009580311710728	2.2727877029144606E-7	1.594001170877433E-7	0.7194028994142293	1.0776000227788236E-8
94	file:/vast/home/akim/corn/analysis/data/coral_data/./ASV/neg_S106.txt	0.9954928888666932	1.9202594594304068E-7	0.004501905618303227	1.1411065347514467E-7	6.480721738709117E-8	1.4548723353577435E-6	2.932139203074073E-7	3.117026631103509E-7	2.723075498441824E-7	1.0141040241976508E-7	9.482903294039221E-7	2.2727877029144606E-7	1.594001170877433E-7	1.055319098660248E-6	1.0776000227788236E-8
